5.365774769881068096e+02
1.300932339468872215e+03
1.243646318479988258e+04
3.282646185889252956e+04
1.814561456317510165e+05
7.457335065747012850e+05
2.580151264213376213e+06
3.035421303202254232e+06
2.978757272739569657e+06
3.749984525273696054e+06
1.554260439087534556e+06
1.186950655857368140e+06
8.414513570401724428e+05
4.683667294698222540e+05
3.771098573953162995e+05
7.605141694036755944e+05
7.604049568311311305e+05
8.817807619708039565e+05
1.155105621241258690e+06
1.139873158236494055e+06
2.669397488740021363e+06
3.346772974025928415e+06
4.089657423295078799e+06
2.309055105832449626e+06
3.877164407689989544e+06
4.876406944952870719e+06
7.542095230370679870e+06
1.053115048061678745e+07
6.298757289142989367e+07
8.909902996834020317e+07
6.429354927835376561e+07
7.538552937512859702e+07
3.421599669251871854e+07
1.593514423161947727e+07
4.880140337119945884e+07
5.846978612508917600e+07
5.299719181680480391e+07
4.799286789809156209e+07
2.960129437437490374e+07
1.066403712212189473e+07
7.276013740726730227e+07
6.622071911097425222e+07
4.301545539677620679e+07
8.633918409815610945e+07
5.063800085210803151e+07
3.443970942672891915e+07
4.201182163280936331e+07
5.386425328475341201e+07
5.213716876421444863e+07
7.801154426253579557e+07
3.607190720813412219e+07
3.328937244796537608e+07
2.478500535894486308e+07
7.360102095345464349e+07
1.005867848395662308e+08
7.987294106649187207e+07
7.576576042704249918e+07
3.313309091350103542e+07
2.457769523489266634e+07
6.385476699960577488e+07
8.483436772182270885e+07
6.923320829646886885e+07
6.917205452808475494e+07
3.926481699881893396e+07
1.372360725776265375e+07
3.221939549954602867e+07
2.238702766340448335e+07
2.308664433485356718e+07
2.501475405916107073e+07
2.717110690664811060e+07
7.972699653344479203e+07
9.036502510032321513e+07
7.605345551514156163e+07
6.992571549653129280e+07
8.032307331547306478e+07
5.234254712208411843e+07
2.764265927514717728e+07
2.074971581858718768e+07
7.085943378487804532e+07
8.480312359357900918e+07
7.801495637890960276e+07
7.996277094186963141e+07
4.907253374859256297e+07
3.895876256105270982e+07
5.886989114227658510e+07
6.632350693172999471e+07
5.069794657272286713e+07
3.633563777413588017e+07
5.890146957267544419e+07
4.328910591522315890e+07
7.208642570363686979e+07
6.392447918329367787e+07
3.172757758301940188e+07
2.332758953939213231e+07
2.510898946332341805e+07
3.170564908827299997e+07
2.504772331281625852e+07
2.105025985155972093e+07
1.039532197237792425e+07
1.384614335866727307e+07
2.172027629342038929e+07
6.323267380564951338e+06
2.698439569678591192e+07
4.250234184383273870e+07
6.610714820123270154e+07
7.939393134759899974e+07
9.330074895521193743e+07
8.371612240911015868e+07
1.543385219827613533e+08
8.401258454303385317e+07
3.406426256056481600e+07
4.717042933848456293e+07
1.142964518190204650e+08
8.813268683900456131e+07
5.848532484454122186e+07
6.981561870791374147e+07
8.137244114123851061e+07
3.655970675785083324e+07
2.436566573944958672e+07
2.034435126920646802e+07
7.118024667828478850e+06
9.866581498178530484e+06
2.399040399631610513e+07
1.391486699577773921e+07
1.040924742273785733e+07
1.238419885301087052e+07
1.620190601167688519e+07
1.549645135493750125e+07
7.109403732639490068e+07
8.675049571212573349e+07
1.007755752059734315e+08
1.074664051754209101e+08
1.390479211117534637e+08
1.028741306128869504e+08
1.101421581677831560e+08
1.694551709816232026e+08
7.694671483318838477e+07
1.240757367919642776e+08
7.724167852687443793e+07
7.206027537366265059e+07
8.809213048697069287e+07
1.651016415319837034e+08
7.840384163108928502e+07
4.578111161093310267e+07
6.493171331411564350e+07
2.107053899416644871e+07
8.750965826694259420e+06
1.457893228803668730e+07
9.427473511701472104e+06
7.981174414564744569e+06
6.146807385703793727e+06
3.321985803963772487e+06
2.795643804037231021e+06
1.330746290997047164e+07
1.297337675101091154e+07
1.389612430442294106e+07
1.716602449978705496e+07
2.036156319174278155e+07
1.956034106928014755e+07
2.778379425026695058e+07
2.205704029601245373e+07
2.263419051214448735e+07
2.269643065715073422e+07
1.081515376748660766e+07
1.165163132399589755e+07
9.690713539654180408e+06
2.975031082609631121e+07
1.815603016428770125e+07
1.984455971328197420e+07
2.719551324562429637e+07
2.286816200339247286e+07
2.328278423570742086e+07
8.146428717082844675e+07
9.463500923772950470e+07
7.243979215429539979e+07
1.094713262710666955e+08
5.921610603750903904e+07
2.841987075696714967e+07
6.086086574733497202e+07
7.735968177213312685e+07
6.518296496767271310e+07
8.113191345373556018e+07
3.217059723068588600e+07
3.371850366528994590e+07
8.685426986303915083e+07
7.371113797703960538e+07
1.111372191503030509e+08
7.728014183900736272e+07
6.118767140853728354e+07
1.003844366565266997e+08
7.552578903602179885e+07
7.540267465029281378e+07
6.793241877610337734e+07
6.615312142398729175e+07
3.956575489808893204e+07
2.769408852744232491e+07
2.724904524856615439e+07
9.171665378129945695e+07
8.161550482843312621e+07
1.039685972230869383e+08
7.431930571672594547e+07
3.678874440208534151e+07
2.512299930862355605e+07
5.894981120908822864e+07
7.285366174684582651e+07
8.863876239238256216e+07
6.441696183001122624e+07
2.030777667591597140e+07
2.743053708654240519e+07
8.911129698269557953e+07
7.432248781166349351e+07
9.528413346107050776e+07
7.576969025257216394e+07
5.295003438041079789e+07
7.087571679419264197e+07
7.045441810830533504e+07
6.781779472713924944e+07
6.295930514363796264e+07
7.210993711443682015e+07
5.699517187584664673e+07
1.436909183545313776e+07
3.591676858545818180e+07
3.575707098411912471e+07
6.659960446568057686e+07
8.038574147273248434e+07
9.092139881012791395e+07
6.939559192411257327e+07
9.589969746408028901e+07
6.442056707221466303e+07
3.056908224628208578e+07
3.715769371409043670e+07
1.010250202363121510e+08
9.983777806390938163e+07
6.577742605401095003e+07
7.775312167572040856e+07
8.181910886331720650e+07
3.209371202414570376e+07
2.902421827804902941e+07
2.018013923783348501e+07
7.358868267263146117e+06
5.930588006469165906e+06
1.045827300580971316e+07
5.991688737505855039e+06
8.453092842573439702e+06
1.716181530274797231e+07
1.617180281524789706e+07
1.411234144710191898e+07
4.330507321972171217e+07
4.920717442506572604e+07
5.196589662397660315e+07
6.215812318252514303e+07
1.050257178628396690e+08
7.105085462579490244e+07
8.426863107913430035e+07
1.532620243409778774e+08
6.610696230383452773e+07
9.449188088674761355e+07
8.857179759872363508e+07
8.907147539558140934e+07
6.998015744185768068e+07
6.211334243259344995e+07
4.484451590961711109e+07
3.989368749422246218e+07
2.927162397397546098e+07
1.027477979210446030e+07
8.100928553655109368e+06
2.117616147467048094e+07
1.232313634681792371e+07
1.519679208104048669e+07
1.342689554241712391e+07
4.475785872075986117e+06
3.255314362013382837e+06
1.977912883153190836e+07
1.279680066974356957e+07
3.515242216718348116e+07
4.946773078201095015e+07
6.223358400476760417e+07
4.745337477677467465e+07
2.331564725558369607e+07
1.701311364911168441e+07
2.262253523077712581e+07
1.529237343397296779e+07
8.691703890916662291e+06
8.578489835406230763e+06
1.003155771522874944e+07
1.776035729850757495e+07
2.617892198654827103e+07
3.720886182230092585e+07
5.639147625340376794e+07
6.334188526585409790e+07
3.044352657082158327e+07
3.862916723867607862e+07
3.345506261878288537e+07
4.825969633581911027e+07
8.482521336458514631e+07
3.881815656134949625e+07
2.623092927458246052e+07
2.903135255657608062e+07
2.241915284096610919e+07
2.066962372404531017e+07
4.361640054781673104e+07
7.167927941964170337e+07
6.084341511293982714e+07
9.921189761672259867e+07
7.246538115485115349e+07
7.321147815076708794e+07
5.916264436569289118e+07
4.095279647670788318e+07
3.722974318279197067e+07
2.628018072056154534e+07
3.112562711690535396e+07
1.393961177386573143e+07
7.785241949638113379e+06
3.158225347938060760e+07
5.282352106621634215e+07
6.227844279209401459e+07
6.175557549032052606e+07
4.967372801403602213e+07
2.331639732759088650e+07
5.283889107966407388e+07
2.316055007416056469e+07
1.136310300473191403e+07
3.097985718768840656e+07
1.974243407698744908e+07
1.713931460302555561e+07
4.910782436495171487e+07
5.119134565610071272e+07
4.703208979358600080e+07
6.980099846759551764e+07
6.598077499409475178e+07
5.205131180126438290e+07
3.647484554475348443e+07
3.767603627530889958e+07
2.970304701541334763e+07
2.187463598452015594e+07
2.552138168656171858e+07
1.192464078312682733e+07
1.829462886045736447e+07
4.162897484550575167e+07
3.667542445286089182e+07
4.654624573795095086e+07
3.389334732004766911e+07
2.095629933471726626e+07
1.651937217260262184e+07
2.619868977200494707e+07
1.816336079873980209e+07
1.870101945270672441e+07
2.608809020130805299e+07
3.463857415106695890e+07
3.196520637103294581e+07
4.156224702271353453e+07
3.336233400690956786e+07
3.851091635065110028e+07
3.410481988280409575e+07
3.872207501162634790e+07
4.328670394137158245e+07
3.222056677866387740e+07
3.518864574978034943e+07
2.181976946864658967e+07
1.725710730361156166e+07
2.683352667105108872e+07
1.261129599482434988e+07
1.274880705708366260e+07
2.288412867481434718e+07
2.082907963942361251e+07
2.175937788791176304e+07
2.618768564358456060e+07
2.669492543866778538e+07
2.046807760246829689e+07
3.590779811279712617e+07
2.453433024387652054e+07
3.943543154090896249e+07
2.968238862766918167e+07
2.468589224519406632e+07
2.159842712565858290e+07
2.586358923346341401e+07
2.092720565803122520e+07
1.637567395832172036e+07
2.265479200497475266e+07
2.141251338879416510e+07
1.361043926044946164e+07
1.430380809530563280e+07
1.166651995683753490e+07
4.501741145187723450e+06
4.716752710618958808e+06
1.653315719513224252e+07
1.606728313438769989e+07
1.036313909529533610e+07
2.945402511005159467e+07
2.370803697039207816e+07
1.554465049074080773e+07
2.589555653756648302e+07
1.358213214086086862e+07
1.450268812347601913e+07
1.894578441880078241e+07
1.887594723878525198e+07
2.002042631447959319e+07
3.457673581070355326e+07
2.210605255477120355e+07
6.429792521901839972e+07
5.479112918038040400e+07
4.781907283495554328e+07
3.195406240106479451e+07
3.368898097570793331e+07
2.493710975918314606e+07
2.261598680218254030e+07
1.261434413326635770e+07
1.500232227713174745e+07
1.229987772778794356e+07
9.523607907038494945e+06
1.909439748475383595e+07
1.052111022269362397e+07
1.494120952488646656e+07
2.591962169820765778e+07
3.110797561991024390e+07
1.958246051260772347e+07
2.544681954096379876e+07
2.286791120880227163e+07
1.920931100263941661e+07
2.031965548053410649e+07
1.385585555571415834e+07
1.259603124592442811e+07
2.087858238103177398e+07
1.207938901842440851e+07
1.711183212030627951e+07
2.048927827221617103e+07
1.941181631983192265e+07
1.554113776664807275e+07
1.698064367808720469e+07
1.905018995386675373e+07
1.555745115435284376e+07
1.229393908322793059e+07
1.313515125760979764e+07
1.210613196026377007e+07
1.084399397553061694e+07
1.453597484249021485e+07
1.009597789111442119e+07
1.165599848801451363e+07
1.452673730367521755e+07
1.455977507753585652e+07
8.267797633217276074e+06
2.378967453201065212e+07
1.501094600607323833e+07
1.217899168013872206e+07
1.772193201081558317e+07
1.786399285923342034e+07
1.177853873571630940e+07
1.164105820558715425e+07
6.602459670456185006e+06
6.389858331087523140e+06
5.690001204832169227e+06
3.596590964167195838e+06
3.892352617878593039e+06
2.584514310631630011e+06
2.900874606115768664e+06
6.556924312841992825e+06
4.490470661243714392e+06
3.099717566823143046e+06
2.581121042637309060e+06
3.320041402136360761e+06
3.904239971237573773e+06
2.609912361108732410e+06
3.604734272478145082e+06
4.802581035062008537e+06
3.653352739364881534e+06
2.520220209531399887e+06
3.624031851763927843e+06
2.370461870626044925e+06
2.818001025707582943e+06
3.791727374358328525e+06
3.644787479229043238e+06
4.946126597555335611e+06
2.118729531060067005e+06
3.741781143439544365e+06
2.842553897845462430e+06
1.521528964101296151e+06
1.397836219317058101e+06
3.149584568816259503e+06
2.343145290754745249e+06
2.207966999730715062e+06
1.032579763145756791e+06
1.643400081754314480e+06
1.531196158859686926e+06
3.011202287902664859e+06
1.012321482522326289e+06
5.276303717631006148e+05
3.921207283763493760e+05
2.592102453772099980e+05
1.781358710192725703e+05
1.066063046894445433e+05
5.277025272349985607e+04
3.880655738195472077e+04
6.341150141686176357e+04
7.332530786317572347e+04
1.027603757341714518e+05
7.094789050166729430e+04
4.090347491903476475e+04
1.546459938594345294e+04
9.158088632200679058e+02
8.657980148256102666e+02
7.024338776366719604e+07
3.792895357779707760e+07
5.088745797926783562e+07
4.446827093443010002e+07
3.077137678733883426e+07
4.288561683070268482e+07
7.051235676491388679e+07
6.654533412340581417e+07
8.680551582892407477e+07
9.116470769924126565e+07
6.282591692595613748e+07
7.493349273479130864e+07
8.980813765846632421e+07
8.532452557718412578e+07
8.941260832219544053e+07
7.952151865648382902e+07
9.143699174852907658e+07
6.066220401329485327e+07
7.876097336966651678e+07
9.046251220160807669e+07
9.339823609412069619e+07
9.313405109563438594e+07
9.492863232294198871e+07
9.522379717706404626e+07
5.143110966169882566e+07
8.150277710727180541e+07
8.494081477605512738e+07
8.691084481515456736e+07
8.285580284748774767e+07
9.502386262522411346e+07
8.219769648655228317e+07
7.122100772307965159e+07
1.053338750764926672e+08
1.105059349304792136e+08
9.390017325867724419e+07
9.250073491769222915e+07
8.084049710576179624e+07
9.852730124284674227e+07
7.471496625742021203e+07
8.263660088946786523e+07
9.563157029456348717e+07
9.199324765395614505e+07
9.025927318151888251e+07
9.791421344707557559e+07
6.664889314467803389e+07
6.863344418718492985e+07
1.025113678395030051e+08
9.915379863934944570e+07
8.340023328276206553e+07
1.120457020874378085e+08
1.012398660180950612e+08
7.784855371841165423e+07
6.826514589375323057e+07
8.741776929354056716e+07
1.014473424151403755e+08
1.151659344665028304e+08
8.750472233146694303e+07
9.690095137361451983e+07
8.056173241883000731e+07
8.876498553912515938e+07
1.000420793436996937e+08
9.461981557741898298e+07
1.051288150296080559e+08
1.067150664863993376e+08
1.128205868870154023e+08
6.856408463693104684e+07
8.918359614265182614e+07
9.165089687771433592e+07
9.983126000676251948e+07
1.032661307888898104e+08
8.274671384935525060e+07
1.040744740230030119e+08
5.847387924505737424e+07
8.850032301557609439e+07
1.172881090135431737e+08
1.019512714226366282e+08
8.260874349647700787e+07
1.190477012781306654e+08
1.029935622300428003e+08
1.008687893794377893e+08
9.589261473270423710e+07
1.098962488454258442e+08
1.137450348351634890e+08
1.081156757059437037e+08
1.108459110373576432e+08
9.183923288876834512e+07
6.834396558767063916e+07
1.188991451990525872e+08
8.758440183536992967e+07
8.373426692725089192e+07
9.962288456110572815e+07
7.566632912015029788e+07
1.148291269276999682e+08
1.142429918526970893e+08
1.038613177703747600e+08
1.399348587387484014e+08
1.275771917252521664e+08
7.373370638684368134e+07
8.545252401418572664e+07
7.102039056664682925e+07
9.352051358247935772e+07
1.211720846409866214e+08
1.223053605057972372e+08
8.898667656905981898e+07
7.564674465908248723e+07
6.712709104326239228e+07
1.393186577366543412e+08
9.780748017519183457e+07
1.305076079180943221e+08
9.966234225998303294e+07
9.805355468893986940e+07
7.710835509724664688e+07
1.141712153890287727e+08
1.261696843694447577e+08
1.201451654312333167e+08
1.081875657775073200e+08
1.161524089481373429e+08
1.012318713518265039e+08
1.040275699205041975e+08
1.006182620643091798e+08
8.022593621638768911e+07
8.191805946666382253e+07
1.028268591090650409e+08
9.493048748087289929e+07
8.419479778435429931e+07
9.831272105899645388e+07
9.944522183098754287e+07
8.244642885239702463e+07
8.319650779645560682e+07
1.043700849895547330e+08
9.620134916094022989e+07
8.601201678113207221e+07
1.254226349265137613e+08
1.100508438875378817e+08
7.436495793766966462e+07
9.368065497589026392e+07
8.846302742019854486e+07
8.344702368260823190e+07
1.094257297146429718e+08
9.065266491361537576e+07
9.769808850464160740e+07
7.191876608096243441e+07
8.211432950603742898e+07
1.148788930490040481e+08
9.538867444318941236e+07
9.198819300457589328e+07
8.728546485527375340e+07
9.931051463526390493e+07
8.982052015384954214e+07
9.038627425694264472e+07
1.033610492272745073e+08
1.077075347445565313e+08
1.087451153673261255e+08
1.052868452745799422e+08
1.059750416015512496e+08
6.549674556610476226e+07
1.039240464387287349e+08
7.816745102143697441e+07
7.142672768638658524e+07
8.164794618941508234e+07
8.227185616390767694e+07
7.272825278453904390e+07
6.410101853649908304e+07
7.710765755554246902e+07
6.577593968715766817e+07
8.572982326103553176e+07
7.673429714468762279e+07
7.995808911334477365e+07
7.765980621487675607e+07
7.180656770591683686e+07
7.543489513397234678e+07
7.566016511912412941e+07
9.424331181264378130e+07
7.754450266771832108e+07
8.371654572940413654e+07
7.272463635942830145e+07
8.455676361390283704e+07
7.184076749286778271e+07
7.560676279977872968e+07
1.029959795809653252e+08
8.853489092171759903e+07
8.561355655918045342e+07
9.475438681175494194e+07
7.116255668618306518e+07
9.315094875907595456e+07
1.173965293926250488e+08
1.102795741093825847e+08
1.080599324914047718e+08
1.085164900380619317e+08
9.548051375150066614e+07
9.808101199873965979e+07
8.363506122792947292e+07
9.826919662468039989e+07
1.079396064509382099e+08
9.435195210670667887e+07
9.450049226692609489e+07
1.002933306677931845e+08
5.652362008448097110e+07
1.201784183973876536e+08
9.130268587955036759e+07
8.558438242240145802e+07
9.572154238383187354e+07
7.865333177562513947e+07
1.188774503268874139e+08
9.625309272087353468e+07
9.736895038381236792e+07
1.088157594176661968e+08
9.441341827831535041e+07
8.080435672444184124e+07
7.244563485691042244e+07
6.040533370480733365e+07
6.441181351718839258e+07
1.359918389010901153e+08
1.187354692371674478e+08
9.519278813306096196e+07
9.298203196794460714e+07
6.285148091076856107e+07
1.297131411694884747e+08
1.204201602738608718e+08
9.884847808720925450e+07
9.842447145924334228e+07
1.068110322006136924e+08
8.087914424887613952e+07
9.510488397935143113e+07
1.208141521893131733e+08
1.179569114261863679e+08
1.194361000578559935e+08
1.047724221937822998e+08
1.042737780930734128e+08
9.150853904614026845e+07
9.412861608536542952e+07
7.959853064957161248e+07
7.157902867217387259e+07
9.851854081806884706e+07
9.000447465010246634e+07
9.333652435941255093e+07
9.746247255958804488e+07
8.186203772923998535e+07
9.919159977335189283e+07
7.651228332306642830e+07
9.709828389091825485e+07
9.306161828036241233e+07
1.054320700830695480e+08
9.701183824972259998e+07
1.014703175362191796e+08
7.408931370369830728e+07
7.104891288973410428e+07
8.973126186193214357e+07
8.869602583626870811e+07
9.964913582004325092e+07
9.669973648940537870e+07
8.563878259141749144e+07
8.301337724031998217e+07
5.839215366287733614e+07
1.021462450013539344e+08
9.100866018564270437e+07
9.377217083827139437e+07
8.997205736951358616e+07
9.835798846112410724e+07
9.241511958038865030e+07
6.682791296891801059e+07
8.776191437926226854e+07
1.043817754691711664e+08
8.699507473413375020e+07
9.524366711248669028e+07
9.108594971067537367e+07
5.979997831080248952e+07
6.481890588658899069e+07
1.008786829041660577e+08
9.218740729456603527e+07
8.868647742528133094e+07
8.778509317411348224e+07
1.065569814976823330e+08
7.038882899128563702e+07
7.710694711654447019e+07
1.043523041061318964e+08
1.000319463077072203e+08
1.036544001881891787e+08
8.466643498716528714e+07
9.344246963441422582e+07
8.856940517864550650e+07
4.433416947414317727e+07
4.549270151946258545e+07
5.327907177741125226e+07
3.814616226460894942e+07
3.840368107794227451e+07
3.166854839456362650e+07
2.811536173858211935e+07
2.361802839151389152e+07
1.683509636867134646e+07
1.787795006268565729e+07
9.292890511484827846e+06
7.613445829170542769e+06
3.016410936779499985e+06
1.526328570383284008e+06
6.795433541695800377e+05
2.631590617540497333e+05
9.613730281337743509e+04
2.368250657810030316e+04
7.090333525102219028e+03
5.468804356563294959e+02
7.938025176888662315e+01
4.060989715399719557e+01
3.746706877209221886e+01
3.594910983971142571e+01
3.604521270810008104e+01
0.000000000000000000e+00
9.519852230670171976e+07
1.161510231263880879e+08
1.245694642158379555e+08
1.356301538974894583e+08
9.562387152906692028e+07
1.009191103908858895e+08
1.258340737225362062e+08
1.255491143982677162e+08
1.426697412884063423e+08
1.036451190533608347e+08
9.054955674680347741e+07
1.133931487222177684e+08
1.136924005915921479e+08
1.317615736025144160e+08
1.487093195265598595e+08
1.218939813495720625e+08
1.303161007632473558e+08
1.242367673406388313e+08
1.148774875682784021e+08
6.648973157544916868e+07
1.231980812059375942e+08
1.407567020894950628e+08
1.340560885586697608e+08
1.486608266523718536e+08
1.137956728860668987e+08
1.259023179743431658e+08
1.232724812134266496e+08
1.435499006411252916e+08
9.680506427442334592e+07
9.210752111845314503e+07
1.163347366839125305e+08
1.029398890084922910e+08
1.462265649730580449e+08
1.240062707540841997e+08
2.219759343781045973e+08
1.856049955000421703e+08
1.514609232775731385e+08
1.703120575318893492e+08
1.142477861834616959e+08
1.802065280896769166e+08
1.435779835113992989e+08
1.627105269031374156e+08
1.542378304244000018e+08
1.412485406233848631e+08
1.476985115957410336e+08
1.667222885122230649e+08
1.601787526056690514e+08
1.884784607438266873e+08
1.620430516750813723e+08
1.697133677346777916e+08
1.634082505021393597e+08
1.875325474698323011e+08
1.976454181239537895e+08
1.849630854283383787e+08
2.007653448295594454e+08
2.300424827330633700e+08
2.343635776921043694e+08
2.872543220596268177e+08
2.371846741813758612e+08
2.305960160064010918e+08
1.840864343551223278e+08
2.545264845227543414e+08
1.728402442457309663e+08
1.419469770112270713e+08
1.726124238758268356e+08
1.434475491554325819e+08
1.531788723266776204e+08
1.446555282141759396e+08
1.815874782585965097e+08
1.423589095683307052e+08
1.484601268766344488e+08
1.474933096501132846e+08
2.213569851564834714e+08
2.327159227729677260e+08
1.804962535639617741e+08
1.802642034331333935e+08
1.589251948117364347e+08
1.010598317242523134e+08
9.883034260800388455e+07
8.455140092572163045e+07
9.586967501791322231e+07
9.554934802759498358e+07
9.791887033311982453e+07
7.115681906256614625e+07
7.778455182358495891e+07
7.965352094983592629e+07
8.307501343025816977e+07
1.127104186930384785e+08
1.403497554975627065e+08
1.276805705655321926e+08
1.365945373360043764e+08
1.438154017697953284e+08
1.622166474644422829e+08
1.144408492661954015e+08
1.053939250596649200e+08
7.609853259016065300e+07
8.791194230046580732e+07
1.364319927266013622e+08
1.319766681340666860e+08
1.359929458722742796e+08
9.032076611595976353e+07
7.539851504464271665e+07
9.508511432630205154e+07
6.357935716070004553e+07
6.775969105602675676e+07
1.431108932850812972e+08
1.641582872899839878e+08
1.776426728443754911e+08
1.601991750943851173e+08
1.604820439263964295e+08
1.159650292397639006e+08
1.456675265019959509e+08
1.656914742490224540e+08
1.827519954649254382e+08
8.526359191291871667e+07
1.502886832715125978e+08
1.077883460498535037e+08
1.111744036848109365e+08
1.427677104217953980e+08
9.808920302611494064e+07
6.864479498751391470e+07
1.095398744927801490e+08
1.201523403078647852e+08
1.391962234415581226e+08
6.200315538455817848e+07
1.084826186498938799e+08
1.518979446800560057e+08
1.185005449378444403e+08
1.357393931167423129e+08
1.235706588838306963e+08
1.652771271230570972e+08
1.759333689378501773e+08
1.529695120151600540e+08
1.206928598777980655e+08
1.205764373868074715e+08
1.252169497977552265e+08
1.243990189770514667e+08
1.430855176730074286e+08
9.720404001361717284e+07
7.317976023043076694e+07
1.590625394910886586e+08
1.424416285154490471e+08
1.447492241807630062e+08
1.146109458758379966e+08
1.319937541741390526e+08
1.743917841974737942e+08
1.583363497040501535e+08
1.540821986762555838e+08
1.218431876110095382e+08
1.375097947434261143e+08
1.320501646393957883e+08
1.544914045812889934e+08
1.114203029418989569e+08
1.546052437997142673e+08
1.338385187811146080e+08
1.343145465194693208e+08
1.354975141700706184e+08
1.016574069767735153e+08
1.224705774830596596e+08
1.269810008877703100e+08
1.196505952275032401e+08
1.719462063223580420e+08
1.763001088714130819e+08
1.730661070463146865e+08
1.564520181719852686e+08
1.551025139170005918e+08
1.499107566743954122e+08
7.843345775908173621e+07
1.161306372471486181e+08
1.675220397684836388e+08
1.842868663724332452e+08
1.702776889916597009e+08
2.197085500309874117e+08
1.594865255454089642e+08
1.505740729785693288e+08
1.520515324762517512e+08
1.687532813402954638e+08
1.647706754396339953e+08
1.943214830395170152e+08
1.469118198546246588e+08
1.662824281993127167e+08
2.127363188124046028e+08
2.084558107292031050e+08
2.168492759838563204e+08
1.453079058693568110e+08
1.745732920280051529e+08
1.890886141946066320e+08
1.999443767901026011e+08
1.760328830033958852e+08
1.498722409001012444e+08
1.391636316020743549e+08
1.100733737144002914e+08
1.568326751958997250e+08
1.561866602124041021e+08
1.515505451275532246e+08
1.615675972169793248e+08
1.630231924234836698e+08
1.325849642040864378e+08
1.437226431161550879e+08
1.480607637176769674e+08
1.734773206408513188e+08
1.750899465006582737e+08
1.764793239529796839e+08
1.588983504427046478e+08
1.859825195522066951e+08
1.725864442445383668e+08
2.333372781820445061e+08
2.351345687433210611e+08
1.992955094117603004e+08
2.201187219256082177e+08
1.539766444807786345e+08
1.548643930787096918e+08
1.685892236303390265e+08
1.593452914908832014e+08
1.734089632034036219e+08
1.561972704418093562e+08
1.364770879000501633e+08
1.722674617382728159e+08
1.583243827362581789e+08
2.070024662493135631e+08
1.961420163004968762e+08
1.699402024702044725e+08
1.632205888494709432e+08
1.835162404645057619e+08
1.800596178208599985e+08
1.804377545001149476e+08
1.943769528304614425e+08
2.225931230678996742e+08
2.385365126650099158e+08
2.744804569309943914e+08
2.668262226491118371e+08
2.314412781753788590e+08
2.069490459831275344e+08
2.474811478506442606e+08
1.864979912979353964e+08
1.455569379163687229e+08
1.685499534619186819e+08
1.424017425783623457e+08
1.424625008915225267e+08
1.354900109086176753e+08
1.886070166353822351e+08
1.411770250292707086e+08
1.541728541032290459e+08
1.500554185703759193e+08
1.728490262236131430e+08
1.705301748777256608e+08
1.379262544219510555e+08
1.626622163284591138e+08
1.555028178281019330e+08
1.353394504900868833e+08
1.478508991155286133e+08
1.404047257306943536e+08
1.554929578503194153e+08
1.837098931275618970e+08
1.624320905086957812e+08
1.004563016816407591e+08
1.260620167545545399e+08
1.228360598541262597e+08
1.020440144313646406e+08
1.177527958528793454e+08
9.531230577232946455e+07
7.281851321844354272e+07
9.106369499561016262e+07
9.333327049462608993e+07
8.690842252107344568e+07
5.293757227715317905e+07
7.666696141078312695e+07
9.513324925300619006e+07
7.376913345399276912e+07
1.334652244275677949e+08
1.607975896773644090e+08
1.375174462789917588e+08
1.560107263926405907e+08
1.682339728288909793e+08
1.614007637563197911e+08
1.378788559631927907e+08
1.125545469842111617e+08
8.935293966393271089e+07
1.073818934983727932e+08
1.338213177379271686e+08
1.215619170129132420e+08
1.640003579837852120e+08
9.099682703649936616e+07
1.159808329138359725e+08
1.078687561480472535e+08
1.082240261901990771e+08
9.028450505339187384e+07
9.357561258724516630e+07
1.356835415536809266e+08
1.459571024438710809e+08
1.679773047423276305e+08
1.158697469101742357e+08
8.687868525893352926e+07
1.876249515599766076e+08
1.890011786579829752e+08
1.421929776352477968e+08
1.355063549841613770e+08
1.957380699438202083e+08
1.130416584047413021e+08
1.161946814098525345e+08
1.257542953733205646e+08
1.110367971878713071e+08
1.174192622362301052e+08
9.234079343229974806e+07
1.121001446488303244e+08
1.505754494741285741e+08
1.258250421866638362e+08
1.298069243620447665e+08
1.300270035427635759e+08
1.563313122130404711e+08
1.236972658993768692e+08
9.470039981000652909e+07
1.376551539864961207e+08
1.518580392891284227e+08
1.466151378165661693e+08
2.326235847658132315e+08
1.800497793163534403e+08
1.509372637936583161e+08
1.479702995699792206e+08
1.529103149343920052e+08
1.481147469264059663e+08
1.470487935667458177e+08
1.766976191937329173e+08
1.405241857360040545e+08
1.768906234914351404e+08
1.845423643343982100e+08
1.795805543046641946e+08
1.514797496222104132e+08
1.534914679612973332e+08
1.443279700739161074e+08
1.411290674656595290e+08
1.793525492079491317e+08
1.449291410329518616e+08
1.540869497957077920e+08
1.021123649371081591e+08
1.485715463485574126e+08
1.309704657893265188e+08
1.300233977709453404e+08
1.495359649001877904e+08
1.541119558007948101e+08
1.141633646878723502e+08
1.583386763082464933e+08
1.197498994723056555e+08
1.577282420020786822e+08
1.710320646869101524e+08
1.580128610942955911e+08
1.485500611395266950e+08
1.663743075167445242e+08
1.514146639270885587e+08
2.444103696720634401e+08
2.276914096073551774e+08
1.977379373439270854e+08
2.157487626627396345e+08
1.376521924693638980e+08
1.271572654049939662e+08
1.615481069923727810e+08
1.584458347801337838e+08
1.653562191482452154e+08
1.444451129591814280e+08
1.399113653328588903e+08
1.607688934689263403e+08
1.537270263402050734e+08
1.653191909712720513e+08
1.861164548126590252e+08
1.701708075524247885e+08
1.929869458119110167e+08
1.980138995230737329e+08
1.889076067126826048e+08
2.129881936836844385e+08
2.091066296173667312e+08
2.281449001642014980e+08
2.271897119273500443e+08
2.633397831755517423e+08
2.196864146927255392e+08
2.077865517695857286e+08
1.649214567343009114e+08
2.365987918552819490e+08
1.795930309195694923e+08
1.501989019511860907e+08
1.566822972985150516e+08
1.444518657138178647e+08
1.414265386864764392e+08
1.297014364723452926e+08
1.605166661994420290e+08
1.281258634864260554e+08
1.484051308081859350e+08
1.299516092860674709e+08
1.462559254591426849e+08
1.705729542695635259e+08
1.424744447734386921e+08
1.532629658034360707e+08
1.518717420883839130e+08
1.242879290093524009e+08
1.215122496575830132e+08
1.049306782881400734e+08
1.168632224771207273e+08
1.534269364788077772e+08
1.488924326580516100e+08
1.153039531714958847e+08
1.196646178709088862e+08
1.186269867044092864e+08
1.205918046033962667e+08
1.829988344123157263e+08
1.548098739065771699e+08
1.253013775990390778e+08
1.503056306227509677e+08
1.399562267949302495e+08
1.420227960501299202e+08
1.223804114055374265e+08
1.583517914701395333e+08
1.395189666174851358e+08
1.332393671863713413e+08
1.502463297686575055e+08
1.205057004299098253e+08
1.385796988156582713e+08
1.609032162539712787e+08
1.589720247334097624e+08
1.266507115569030195e+08
1.247492969716945440e+08
1.226410442164819837e+08
9.511414235552725196e+07
1.543989117542074621e+08
1.103837031131276339e+08
1.130727946255937964e+08
1.181885648576529026e+08
1.072143001740300506e+08
1.194952789155879617e+08
8.618685316329507530e+07
1.137072412338011116e+08
9.412243177042695880e+07
8.646812466973842680e+07
9.287102500016291440e+07
6.638152507823545486e+07
6.535237834592548013e+07
8.192567719833132625e+07
6.667672181413897127e+07
4.204433155682507157e+07
4.553396899951142073e+07
5.460058174036759883e+07
3.053235213703725860e+07
4.034040058342664689e+07
2.936760837418768555e+07
1.905012361955755204e+07
1.344097804232185148e+07
1.189101950020364672e+07
1.034832566608865000e+07
6.020488592012313195e+06
4.670237396569823846e+06
2.785691287943511270e+06
1.515609936252967222e+06
9.657615387462564977e+05
3.317894257608957123e+05
1.838452747727597016e+05
1.116117585346058186e+05
5.162038607942120143e+04
2.055303988118494453e+04
1.367813466475841233e+04
6.837932154334847837e+03
2.416749265383100010e+03
1.006132154325696547e+03
1.542042695701176740e+02
